sensors:
  front_left_camera:
    x: 0.3383925662274182
    y: -0.07762076730701081
    z: 0.3116488059618641
    roll: 0.03611259121096031
    pitch: 0.057761412953221916
    yaw: -0.07786261204374306
  front_right_camera:
    x: 0.07424311845705532
    y: -0.31063627649913994
    z: 0.27174733788756994
    roll: 0.12161464663430004
    pitch: 0.10161323023604765
    yaw: 0.08935511735011166
  lidar3d:
    x: -0.11394645016754797
    y: 0.04819990505538403
    z: -0.24205501906462878
    roll: 0.08263065922088132
    pitch: -0.15903355532613866
    yaw: -0.09754487850756205
