sensors:
  front_left_camera:
    x: 3.937684013367211e-16
    y: -0.045000000000000005
    z: -2.245458698440792e-17
    roll: -2.1929255593965955e-16
    pitch: -8.920520323751131e-17
    yaw: -4.1058753054582706e-17
  front_right_camera:
    x: 0.015157929378921088
    y: -0.04020737926005126
    z: -0.004022335518974471
    roll: 0.0006220924561840174
    pitch: 0.00013245556479882153
    yaw: -0.0011152108553965662
  lidar3d:
    x: 0.012970510922608064
    y: -0.02128370647527174
    z: -0.006924476634018482
    roll: 0.000200099127339768
    pitch: -0.004463133377625546
    yaw: -0.0003232662824809983
additional_tfs:
  lidar3d_x: -0.612836549046827
  lidar3d_y: 0.3460433966266138
  lidar3d_z: -0.029908591120063336
  lidar3d_roll: 0.007366965995766225
  lidar3d_pitch: -0.031558700197113224
  lidar3d_yaw: -0.28798611649722655
