sensors:
  front_left_camera:
    x: 3.927182895799837e-16
    y: -0.04499999999999958
    z: 4.4079913368485965e-16
    roll: 4.418704935601032e-16
    pitch: -2.9030930428786253e-16
    yaw: 4.440892098447449e-16
  front_right_camera:
    x: 0.001015106884956986
    y: -0.04493245731576205
    z: -0.002704650756565725
    roll: -0.000749666544943656
    pitch: -0.0001705802327464449
    yaw: 0.0013261056650249827
  lidar3d:
    x: -0.00022893179863763723
    y: -0.00022558405487239992
    z: 0.003336247290171722
    roll: 0.0025108925240406245
    pitch: 0.0009705739230796098
    yaw: -0.0009107608288382641
additional_tfs: {}
