sensors:
  front_left_camera:
    x: 2.5621666391192485e-16
    y: -0.045000000000000366
    z: 1.3075206373760848e-16
    roll: -3.1771055535812617e-16
    pitch: 8.466742762419414e-17
    yaw: -3.692371334860951e-16
  front_right_camera:
    x: 0.01749546173579101
    y: -0.037950514994072516
    z: -0.0022651283346981736
    roll: -0.0018058427913714146
    pitch: 0.0008695034308693339
    yaw: -0.002446500077089718
  lidar3d:
    x: 0.02222709081130525
    y: -0.001604348646587468
    z: 0.011466000549357187
    roll: -0.0018910579292852594
    pitch: 0.00468112777547154
    yaw: -0.014263862921267698
additional_tfs:
  lidar3d_x: -0.6093940981574211
  lidar3d_y: 0.2965009477743939
  lidar3d_z: -0.05186232618415143
  lidar3d_roll: 0.010729684590847348
  lidar3d_pitch: -0.04206596579130653
  lidar3d_yaw: -0.2717571930637822
