sensors:
  front_left_camera:
    x: 3.92752681663408e-16
    y: -0.04499999999999987
    z: 7.955325511051632e-17
    roll: -2.797603521493379e-16
    pitch: 8.655284588818244e-17
    yaw: -4.1599341009496077e-16
  front_right_camera:
    x: 0.01599951855698483
    y: -0.03646644662504465
    z: -0.0013483607375621594
    roll: 0.0029150047640228082
    pitch: 0.0022953705231864023
    yaw: -0.004013193798721702
  lidar3d:
    x: 0.01936495870805815
    y: 0.004171511413377593
    z: 0.0029679618868999206
    roll: 0.022176004936107357
    pitch: -0.0018521166722489074
    yaw: -0.013978903000170103
additional_tfs:
  lidar3d_x: -0.592786911321471
  lidar3d_y: 0.3137983628661681
  lidar3d_z: -0.03426990187854973
  lidar3d_roll: 0.012146268053342789
  lidar3d_pitch: -0.04465943125786811
  lidar3d_yaw: -0.2743639864494701
