sensors:
  front_left_camera:
    x: -4.437642817399478e-16
    y: -0.044999999999999776
    z: 4.4402798480041953e-16
    roll: -3.1744491799479e-16
    pitch: -2.1564291781940052e-16
    yaw: 2.544882504451848e-16
  front_right_camera:
    x: 0.00576513262527909
    y: -0.04024561204117853
    z: -0.0007133667063187804
    roll: 0.0026020216985801455
    pitch: 0.0020711337896175677
    yaw: -0.0027548937117570986
  lidar3d:
    x: 0.008535781533763664
    y: 0.006551049691949024
    z: 0.0028540027257107784
    roll: 0.01799924595368789
    pitch: 0.00015343540038731813
    yaw: -0.015876449364698588
additional_tfs:
  lidar3d_x: -0.5997157242400509
  lidar3d_y: 0.30933990479711065
  lidar3d_z: -0.014332638485549243
  lidar3d_roll: 0.006527432550248888
  lidar3d_pitch: -0.03115720293385004
  lidar3d_yaw: -0.27430887075015487
