image_width: 964
image_height: 724
camera_name: narrow_stereo
camera_matrix:
  rows: 3
  cols: 3
  data: [1085.195059, 0.000000, 463.710937, 0.000000, 1083.832136, 361.176400, 0.000000, 0.000000, 1.000000]
distortion_coefficients:
  rows: 1
  cols: 5
  data: [-0.247916, 0.380818, -0.637629, 0.00062, -0.001039]

