sensors:
  front_left_camera:
    x: -2.0475005971325906e-16
    y: -0.044999999999999866
    z: -2.0706528940968628e-16
    roll: -4.159218250254074e-16
    pitch: -3.753438209290397e-16
    yaw: -2.657379063078297e-16
  front_right_camera:
    x: 0.013836221602807324
    y: -0.03919664102588485
    z: -0.004389747471032388
    roll: 0.00040652907111856355
    pitch: -0.00028513951198093465
    yaw: -0.0023661999306580357
  lidar3d:
    x: 0.017903046563655
    y: -0.0018336682470620213
    z: 0.001956611857282056
    roll: 0.007904398681910407
    pitch: -0.001016300346225823
    yaw: -0.012708936820395204
additional_tfs:
  lidar3d_x: -0.6062161973998882
  lidar3d_y: 0.2865070442419827
  lidar3d_z: -0.033184404993257845
  lidar3d_roll: 0.0005387658839859773
  lidar3d_pitch: -0.03048581049036648
  lidar3d_yaw: -0.2755047047810703
