sensors:
  front_left_camera:
    x: -2.7127907032842987e-16
    y: -0.04499999999999985
    z: -4.3759323097845e-16
    roll: -1.3117650635296322e-16
    pitch: 3.493706447774352e-16
    yaw: -1.859516715072932e-16
  front_right_camera:
    x: 0.014717691503262405
    y: -0.041257282131882664
    z: -0.0019302602271784165
    roll: -0.0037684346141765275
    pitch: 0.000326305293527653
    yaw: -0.0004735437821589463
  lidar3d:
    x: 0.021078567544793425
    y: -0.007448775844409313
    z: 0.002950368909804742
    roll: 2.8391675528255805e-06
    pitch: -0.001327020954160185
    yaw: -0.010765009537198672
additional_tfs:
  lidar3d_x: -0.2527133800487458
  lidar3d_y: 0.23743300682954724
  lidar3d_z: -0.013165128393695694
  lidar3d_roll: 0.017996768823892555
  lidar3d_pitch: -0.02865895149651245
  lidar3d_yaw: -0.13122913949640244
