sensors:
  front_left_camera:
    x: 4.3689846383413733e-16
    y: -0.045000000000000415
    z: -2.1357458860506308e-16
    roll: -3.88467974222562e-16
    pitch: 1.648410024821652e-16
    yaw: -2.47009315324508e-16
  front_right_camera:
    x: 0.01438997728034029
    y: -0.04195818923258793
    z: -0.0029481419855016387
    roll: -0.0030402870021265325
    pitch: -0.000173818098676901
    yaw: 0.00014867873373793506
  lidar3d:
    x: 0.012619666524614047
    y: -0.02465423198462152
    z: -9.897551113538065e-05
    roll: -0.008787094446386673
    pitch: -0.0007448862956465208
    yaw: -0.0005730961904307101
additional_tfs:
  lidar3d_x: -0.5990447724739594
  lidar3d_y: 0.3006637908822788
  lidar3d_z: -0.04220463992502008
  lidar3d_roll: 0.022162485471743217
  lidar3d_pitch: -0.0373712594892146
  lidar3d_yaw: -0.2784200163338184
