sensors:
  front_left_camera:
    x: 0.12643949222587694
    y: -0.08206128370426441
    z: 0.14945602657604204
    roll: -0.0047495552086939605
    pitch: 0.000991254461278508
    yaw: -0.03872692348191529
  front_right_camera:
    x: -0.006408745927892007
    y: -0.1643542164485286
    z: 0.07693636601648317
    roll: 0.03383985735846875
    pitch: 0.025161533446732855
    yaw: 0.028210187108024757
  lidar3d:
    x: -0.04673207969073471
    y: 0.01950871254361218
    z: -0.06428317382779054
    roll: 0.0377155565121467
    pitch: -0.059574068539254406
    yaw: -0.05501769685743662
