sensors:
  front_left_camera:
    x: 0.07537842291898181
    y: -0.1675911199252268
    z: 0.03170733941700371
    roll: 0.12805540620533307
    pitch: 0.05723358535985197
    yaw: 0.04233964364058868
  front_right_camera:
    x: 0.1962837228104403
    y: -0.08962022287351953
    z: -0.0485255889447926
    roll: 0.09901807230729566
    pitch: -0.08251661126734298
    yaw: 0.09371269655598699
  lidar3d:
    x: 0.027822203456308335
    y: -0.02956653224356997
    z: -0.07322688178495473
    roll: 0.029879990591123465
    pitch: -0.17008997445755297
    yaw: -0.038118021634159206
