sensors:
  front_left_camera:
    x: 0.021351760213955802
    y: -0.10910369406945
    z: 0.026936542004954045
    roll: 0.025419937009815735
    pitch: -0.004082332821810064
    yaw: 0.014096126536821834
  front_right_camera:
    x: 0.1558206386453604
    y: -0.03856212593517748
    z: 0.030642433455360343
    roll: 0.0007863975544661017
    pitch: -0.0010835989178424473
    yaw: 0.03390480900610989
  lidar3d:
    x: 0.013562618365308234
    y: 0.019811204145016623
    z: -0.03663727653331747
    roll: 0.038606118265106494
    pitch: -0.06667422029515405
    yaw: -0.01605804565393408
