sensors:
  front_left_camera:
    x: -1.805021259634917e-16
    y: -0.045000000000000255
    z: -4.4333581776129645e-16
    roll: -1.2939696228155112e-16
    pitch: -3.3720044907273503e-16
    yaw: -3.736121413206473e-16
  front_right_camera:
    x: 0.013377926290403878
    y: -0.04013279284070757
    z: -0.002986052216335576
    roll: -0.0017790119358415818
    pitch: 0.00011583652197703434
    yaw: -0.00163544575999962
  lidar3d:
    x: 0.016972358300478222
    y: 0.0024192183223802977
    z: 0.003021883520354402
    roll: 0.0077600103370859845
    pitch: -0.0003497854445415507
    yaw: -0.014630907368037358
additional_tfs:
  lidar3d_x: -0.6218100738318585
  lidar3d_y: 0.33799025151462164
  lidar3d_z: -0.023676444906735726
  lidar3d_roll: -0.00954651876244469
  lidar3d_pitch: -0.028363605307828398
  lidar3d_yaw: -0.28422675775746137
