sensors:
  front_left_camera:
    x: 4.440265355908634e-16
    y: -0.044999999999999714
    z: -4.2191349725139477e-16
    roll: -2.582135025622261e-16
    pitch: -3.6673316817713327e-16
    yaw: 1.8622368310665923e-16
  front_right_camera:
    x: 0.020695376990295097
    y: -0.03874639486465339
    z: -0.003779269852746676
    roll: -0.001222891589299568
    pitch: 0.00020140476615539203
    yaw: -0.001671397720710205
  lidar3d:
    x: 0.023621560838168663
    y: 4.014076662641641e-05
    z: 0.005198435343402651
    roll: 0.013293226381610127
    pitch: -0.00097458307707332
    yaw: -0.012497833013237147
additional_tfs:
  lidar3d_x: -0.6213663353836395
  lidar3d_y: 0.3352650293919817
  lidar3d_z: -0.02994850458574556
  lidar3d_roll: 0.004005082481918592
  lidar3d_pitch: -0.031743180998880356
  lidar3d_yaw: -0.2720067621617108
