sensors:
  front_left_camera:
    x: 4.205903510990212e-16
    y: -0.04499999999999966
    z: -3.0853367103572983e-16
    roll: -0.0
    pitch: 0.0
    yaw: -0.0
  front_right_camera:
    x: 0.011680837654142186
    y: -0.040778438903610784
    z: -0.00300958294399275
    roll: -0.002116120417541247
    pitch: 2.4752415153288035e-05
    yaw: -0.0012589375967761655
  lidar3d:
    x: 0.017107948319099533
    y: 0.004332317413362763
    z: -0.0002522754967375633
    roll: 0.013239770930893771
    pitch: -0.003389613717706614
    yaw: -0.014400398752054355
additional_tfs:
  lidar3d_x: -0.6243540443812554
  lidar3d_y: 0.33722971966585397
  lidar3d_z: -0.026756880167796898
  lidar3d_roll: -0.009410214451587297
  lidar3d_pitch: -0.02922192392078308
  lidar3d_yaw: -0.28367869910823845
