sensors:
  front_left_camera:
    x: 4.4228460352701157e-16
    y: -0.044999999999999915
    z: 3.9259760544945103e-16
    roll: -1.0094776412059962e-16
    pitch: -4.435710965015824e-16
    yaw: 7.84272443689668e-18
  front_right_camera:
    x: 0.010652387320197982
    y: -0.039792144475859936
    z: -0.003642041521680309
    roll: 0.007374023040426871
    pitch: 0.0016341535247476557
    yaw: -0.002648677951181289
  lidar3d:
    x: 0.009008798786123805
    y: -0.01434924791065646
    z: -0.0025509328012759324
    roll: 0.034479318440487385
    pitch: -0.00471090097130014
    yaw: 0.0012096522753827165
additional_tfs:
  lidar3d_x: -0.5944770991969748
  lidar3d_y: 0.30582051995136705
  lidar3d_z: -0.00994065141694073
  lidar3d_roll: -0.007852009219986014
  lidar3d_pitch: -0.022841017169431894
  lidar3d_yaw: -0.28086409379384913
