sensors:
  front_left_camera:
    x: 9.367557805364954e-17
    y: -0.045000000000000186
    z: -4.237944545642615e-16
    roll: 9.229007532061293e-17
    pitch: -3.118868936661954e-16
    yaw: 3.197856591402402e-16
  front_right_camera:
    x: 0.012358355929478197
    y: -0.04062889503975609
    z: -0.002491426282199944
    roll: -0.0008337913355440223
    pitch: 0.0006250772081337303
    yaw: -0.0014319534123321987
  lidar3d:
    x: 0.014630845458291174
    y: -0.000435087797914023
    z: 0.0038047192197144136
    roll: 0.006899807836444753
    pitch: 0.0010731886898934764
    yaw: -0.013690863563282462
additional_tfs:
  lidar3d_x: -0.6004244129178219
  lidar3d_y: 0.3146207198191211
  lidar3d_z: -0.02408794223769818
  lidar3d_roll: 0.025621244697389363
  lidar3d_pitch: -0.034728614312497005
  lidar3d_yaw: -0.269353652352478
