sensors:
  front_left_camera:
    x: 1.2635802782165777e-16
    y: -0.04500000000000034
    z: 3.880581500224627e-17
    roll: -1.2329603228094696e-16
    pitch: -1.7808573272817888e-16
    yaw: -4.0531026338214304e-16
  front_right_camera:
    x: 0.013820939401763644
    y: -0.04039010702376429
    z: -0.0024722834118899454
    roll: -0.0029843516839494206
    pitch: 0.00019331742419588887
    yaw: -0.0011647925835528714
  lidar3d:
    x: 0.017296602500853554
    y: 0.0014785489175334853
    z: 0.005774524699807383
    roll: 0.00830715022265844
    pitch: -0.0008068100322236726
    yaw: -0.013350640712207104
additional_tfs:
  lidar3d_x: -0.27013679472092805
  lidar3d_y: 0.27470573267989545
  lidar3d_z: -0.007593498053322271
  lidar3d_roll: -0.01692958988837358
  lidar3d_pitch: -0.021018380306102202
  lidar3d_yaw: -0.14787329849538144
