sensors:
  front_left_camera:
    x: 4.4156045694409124e-16
    y: -0.045000000000000026
    z: -4.3416665646977495e-16
    roll: -2.204490292911582e-16
    pitch: 3.89471646351307e-16
    yaw: -2.5504272414883994e-16
  front_right_camera:
    x: 0.022283955271053216
    y: -0.03672657300253627
    z: -0.0015848128392346923
    roll: -0.00244150378132537
    pitch: 0.0015682247245629528
    yaw: -0.0027023913816497094
  lidar3d:
    x: 0.027128274308462482
    y: -0.00013705551014058477
    z: 0.007988497494163692
    roll: 0.0021679765629976353
    pitch: 0.0016763594835698529
    yaw: -0.015516356454949077
additional_tfs:
  lidar3d_x: -0.6085522531712361
  lidar3d_y: 0.2915206436489815
  lidar3d_z: -0.03699366545748073
  lidar3d_roll: 0.00532950870528281
  lidar3d_pitch: -0.03661955930721317
  lidar3d_yaw: -0.27053244751613076
