sensors:
  front_left_camera:
    x: 1.8657664329376831e-16
    y: -0.044999999999999894
    z: -2.839898612913867e-16
    roll: -0.0
    pitch: 0.0
    yaw: -0.0
  front_right_camera:
    x: 0.014319721432321431
    y: -0.03960387283745314
    z: -0.001289069003468146
    roll: 0.0009314226528911091
    pitch: 0.0018042863610640072
    yaw: -0.0020463779499919612
  lidar3d:
    x: 0.01853862082770964
    y: 0.002038917746236516
    z: 0.005626260475414568
    roll: 0.01913210836954689
    pitch: -0.0009521009626876192
    yaw: -0.011667641920907416
additional_tfs:
  lidar3d_x: -0.24913082030664896
  lidar3d_y: 0.2549855502266735
  lidar3d_z: -0.010124654375618687
  lidar3d_roll: 0.01387787208773883
  lidar3d_pitch: -0.029527457938571956
  lidar3d_yaw: -0.13578698255617713
